//  You can copy paste these samples, mostly from newspapers and some from sudoku books

--------1--------// 26.401s

5 3 0 0 7 0 0 0 0
6 0 0 1 9 5 0 0 0
0 9 8 0 0 0 0 6 0
8 0 0 0 6 0 0 0 3
4 0 0 8 0 3 0 0 1
7 0 0 0 2 0 0 0 6
0 6 0 0 0 0 2 8 0
0 0 0 4 1 9 0 0 5
0 0 0 0 8 0 0 7 9

--------2--------// 3.091s

4 0 7 0 0 0 8 0 2
0 0 5 3 0 8 0 0 0
9 0 0 6 0 0 5 0 0
8 1 0 0 9 0 0 5 7
2 0 0 4 0 0 0 0 6
5 0 0 0 0 0 0 0 0
0 0 0 7 8 3 0 0 5
0 0 4 0 0 0 0 0 3
0 0 0 0 1 0 0 0 0

--------3--------// 36.915s

0 0 2 0 0 6 4 0 0
0 0 0 0 0 5 0 9 0
8 0 0 4 1 0 0 0 2
0 0 0 0 0 9 5 1 0
0 6 0 0 0 0 0 7 0
0 4 3 5 0 0 0 0 0
6 0 0 0 5 7 0 0 8
0 8 0 6 0 0 0 0 0
0 0 5 8 0 0 3 0 0

--------4--------// 12.557s

0 0 0 0 0 9 0 0 0
1 5 0 0 3 0 7 0 4
0 9 0 1 0 8 0 0 0
9 0 0 0 0 0 0 0 5
0 0 5 0 1 3 0 0 7
8 0 6 0 0 0 0 0 0
4 2 3 0 0 0 0 8 0
0 1 7 0 5 0 0 0 0
5 0 0 0 0 0 1 0 0

--------5--------// 2.814s

3 0 4 9 0 5 6 0 7
0 0 8 0 0 0 4 0 0
0 0 0 8 0 1 0 0 0
8 0 5 2 0 6 3 0 9
0 0 0 0 0 0 0 0 0
7 0 9 3 0 4 5 0 2
0 0 0 4 0 8 0 0 0
0 0 6 0 0 0 7 0 0
2 0 1 7 0 3 9 0 4

--------6--------// 2.608s

2 0 0 4 5 3 0 6 0
0 1 0 0 6 8 0 5 0
0 3 5 0 0 0 0 0 8
9 0 3 5 0 0 0 0 0
4 0 0 0 2 0 0 7 0
0 2 0 0 4 1 0 0 3
0 0 7 0 0 0 9 0 0
8 9 0 6 1 0 7 0 0
3 4 0 0 0 0 5 0 1

--------7--------// 3.246s

0 0 0 0 2 0 0 4 0
4 3 9 0 0 0 0 1 0
0 0 7 0 0 4 5 9 0
0 0 3 0 7 0 0 0 0
6 0 0 8 0 1 0 0 9
0 0 0 0 3 0 2 0 0
0 6 8 7 0 0 9 0 0
0 4 0 0 0 0 8 5 6
0 1 0 0 6 0 0 0 0

--------8--------// 6m6.097s

7 1 0 0 0 0 0 0 6
0 0 0 8 0 0 0 5 9
0 0 0 0 0 7 4 0 0
0 0 0 0 9 1 0 0 0
0 3 0 0 4 0 0 9 0
0 0 0 6 8 0 0 0 0
0 0 4 2 0 0 6 0 0
6 5 0 0 0 8 0 0 3
3 0 0 0 0 0 0 7 8

--------9--------// 4m5.047s

0 0 6 4 3 2 9 0 0
0 0 0 0 0 5 0 0 3
0 2 0 0 0 0 0 7 0
0 6 0 0 0 0 0 0 8
9 0 0 0 0 0 0 0 4
5 0 0 3 0 0 0 6 0
0 9 0 0 0 0 0 1 0
2 0 0 6 0 0 0 0 0
0 0 7 8 5 3 6 0 9

-------010-------// 48.061s

0 0 1 0 0 0 8 0 0
0 0 4 9 0 8 2 0 0
7 0 0 4 0 6 0 0 9
0 1 9 0 0 0 7 2 0
4 0 0 0 0 0 0 0 8
0 2 8 0 0 0 9 6 0
9 0 0 8 0 3 0 0 2
0 0 2 7 0 1 6 0 0
0 0 6 0 0 0 4 0 0
